Version,JavaScript,Java,C&C++,Objective-C&C++,Markdown,Other,Sum
43,21,0,0,0,0,75,96
44,22,0,0,0,0,76,98
45,21,0,0,0,0,78,99
46,21,0,0,0,0,78,99
47,21,0,0,0,0,78,99
48,21,0,0,0,0,78,99
49,21,0,0,0,0,78,99
50,21,0,0,0,0,78,99
51,21,0,0,0,0,78,99
52,21,0,0,0,0,78,99
53,20,0,0,0,0,70,90
54,20,0,0,0,0,70,90
55,18,0,0,0,0,70,88
56,18,0,0,0,0,83,101
57,18,0,0,0,0,83,101
58,18,0,0,0,0,123,141
59,18,0,0,0,0,89,107
