Version,JavaScript,Java,C&C++,Objective-C&C++,Markdown,Other,Sum
43,153,0,0,0,0,513,666
44,161,0,0,0,0,531,692
45,163,0,0,0,0,541,704
46,163,0,0,0,0,541,704
47,163,0,0,0,0,539,702
48,163,0,0,0,0,539,702
49,163,0,0,0,0,539,702
50,163,0,0,0,0,539,702
51,163,0,0,0,0,539,702
52,163,0,0,0,0,539,702
53,162,0,0,0,0,511,673
54,162,0,0,0,0,511,673
55,160,0,0,0,0,511,671
56,160,0,0,0,0,524,684
57,160,0,0,0,0,524,684
58,159,0,0,0,0,580,739
59,159,0,0,0,0,473,632
