Version,JavaScript,Java,C&C++,Objective-C&C++,Markdown,Other,Sum
43,26,0,0,0,0,112,138
44,27,0,0,0,0,121,148
45,28,0,0,0,0,123,151
46,28,0,0,0,0,123,151
47,28,0,0,0,0,123,151
48,28,0,0,0,0,123,151
49,28,0,0,0,0,123,151
50,28,0,0,0,0,123,151
51,28,0,0,0,0,123,151
52,28,0,0,0,0,123,151
53,28,0,0,0,0,113,141
54,28,0,0,0,0,113,141
55,28,0,0,0,0,113,141
56,28,0,0,0,0,111,139
57,28,0,0,0,0,111,139
58,28,0,0,0,0,114,142
59,28,0,0,0,0,93,121
