Version,JavaScript,Java,C&C++,Objective-C&C++,Markdown,Other,Sum
43,106,0,0,0,0,326,432
44,112,0,0,0,0,334,446
45,114,0,0,0,0,340,454
46,114,0,0,0,0,340,454
47,114,0,0,0,0,338,452
48,114,0,0,0,0,338,452
49,114,0,0,0,0,338,452
50,114,0,0,0,0,338,452
51,114,0,0,0,0,338,452
52,114,0,0,0,0,338,452
53,114,0,0,0,0,328,442
54,114,0,0,0,0,328,442
55,114,0,0,0,0,328,442
56,114,0,0,0,0,330,444
57,114,0,0,0,0,330,444
58,113,0,0,0,0,343,456
59,113,0,0,0,0,291,404
