Version,JavaScript,Java,C&C++,Objective-C&C++,Markdown,Other,Sum
43,127,0,0,0,0,401,528
44,134,0,0,0,0,410,544
45,135,0,0,0,0,418,553
46,135,0,0,0,0,418,553
47,135,0,0,0,0,416,551
48,135,0,0,0,0,416,551
49,135,0,0,0,0,416,551
50,135,0,0,0,0,416,551
51,135,0,0,0,0,416,551
52,135,0,0,0,0,416,551
53,134,0,0,0,0,398,532
54,134,0,0,0,0,398,532
55,132,0,0,0,0,398,530
56,132,0,0,0,0,413,545
57,132,0,0,0,0,413,545
58,131,0,0,0,0,466,597
59,131,0,0,0,0,380,511
